5 inputs

[5 10 15 20 25]

[1, 2, 3, 4]

[23.5, 16.87, 14.39, 12.8]

[546, 243, 975, 308, 778]

[1124.71, 5459.43, 7324.98, 2963]


SOL1 Runtime - 
13.164656639099121
3.2630703449249268
27.744930505752563
33.41519331932068
22.120208024978638

SOL2 Runtime -
6.190153360366821
1.7082865238189697
2.101245164871216
2.119988441467285
9.929469347000122

SOL3 Runtime -
0.001992464065551758
0.0029897689819335938
0.0029954910278320312
0.0020084381103515625
0.0019690990447998047

SOL4 Runtime - 
9.1032075881958
3.101330041885376
11.45715856552124
17.73735284805298
14.088101625442505